image_width: 1280
image_height: 720
camera_name: narrow_stereo
camera_matrix:
  rows: 3
  cols: 3
  data: [768.08345,   0.     , 637.64649,
           0.     , 765.6478 , 395.24297,
           0.     ,   0.     ,   1.     ]
distortion_model: plumb_bob
distortion_coefficients:
  rows: 1
  cols: 5
  data: [0.039879, -0.079588, 0.006910, -0.000596, 0.000000]
rectification_matrix:
  rows: 3
  cols: 3
  data: [1., 0., 0.,
         0., 1., 0.,
         0., 0., 1.]
projection_matrix:
  rows: 3
  cols: 4
  data: [758.84863,   0.     , 635.7767 ,   0.     ,
           0.     , 767.66095, 398.59457,   0.     ,
           0.     ,   0.     ,   1.     ,   0.     ]
